Setup
Matrix A: 
------------
    3      7      8      1  
    7      9      8      3  
    1      2      6      7  
    9      8      1      9  
------------
Matrix B: 
------------
    1      3      0      1  
    5      5      7      8  
    0      1      9      8  
    9      3      1      7  
------------
Running matrix_multiply_run()...
---- RESULTS ----
Result: 
------------
   47     55    122    130  
   79     83    138    164  
   74     40     75    114  
  130     95     74    144  
------------
---- END RESULTS ----
Elapsed execution time: 0.000000 sec
